image_topic: /usb_cam2/image_raw
cameraMatrix: 283.63134, 0., 308.13219,0., 283.09696, 255.16537, 0., 0., 1.
disCoeffs: -0.196668, 0.022176, 0.003651, -0.001057